10 10
13 10
15 82
54 37
65 41
94 32
10 70
46 83
40 51
95 88
18 88
36 10
35 65
44 79
97 85
75 10
98 13
31 63
74 10
59 59
19 63
27 43
10 45
78 90
79 23
32 14
56 73
59 34
10 29
82 71
33 84
10 38
10 34
57 33
32 41
36 45
41 74
27 27
21 80
47 53
49 39
10 10
24 51
82 59
28 69
53 23
16 61
67 32
87 10
91 74
10 73
46 10
10 54
89 91
59 36
76 58
86 83
57 17
10 20
47 61
19 38
90 80
54 51
10 96
38 94
52 37
31 26
17 18
75 10
22 70
33 81
84 88
47 92
64 77
10 71
68 17
61 56
23 42
27 96
80 19
97 18
48 20
60 59
70 10
81 66
84 72
10 96
81 10
62 16
10 39
30 10
98 35
64 50
70 29
79 75
73 91
55 68
98 64
95 26
42 96
79 10
13 10
33 11
10 67
67 74
65 10
21 84
14 10
29 20
84 59
30 36
98 10
43 11
90 10
51 29
20 15
72 75
13 58
24 26
49 55
73 30
48 31
14 67
47 10
42 10
90 65
40 10
65 19
73 55
30 31
13 84
20 75
59 61
39 34
32 13
23 10
38 33
14 34
22 14
18 67
20 87
43 50
68 63
72 12
78 72
10 28
33 57
89 86
82 70
77 45
10 10
13 10
15 82
54 37
65 41
94 32
10 70
46 83
40 51
95 88
18 88
36 10
35 65
44 79
97 85
75 10
98 13
31 63
74 10
59 59
19 63
27 43
10 45
78 90
79 23
32 14
56 73
59 34
10 29
82 71
33 84
10 38
10 34
57 33
32 41
36 45
41 74
27 27
21 80
47 53
49 39
10 10
24 51
82 59
28 69
53 23
16 61
67 32
87 10
91 74
10 73
46 10
10 54
89 91
59 36
76 58
86 83
57 17
10 20
47 61
19 38
90 80
54 51
10 96
38 94
52 37
31 26
17 18
75 10
22 70
33 81
84 88
47 92
64 77
10 71
68 17
61 56
23 42
27 96
80 19
97 18
48 20
60 59
70 10
81 66
84 72
10 96
81 10
62 16
10 39
30 10
98 35
64 50
70 29
79 75
73 91
55 68
98 64
95 26
42 96
79 10
13 10
33 11
10 67
67 74
65 10
21 84
14 10
29 20
84 59
30 36
98 10
43 11
90 10
51 29
20 15
72 75
13 58
24 26
49 55
73 30
48 31
14 67
47 10
42 10
90 65
40 10
65 19
73 55
30 31
13 84
20 75
59 61
39 34
32 13
23 10
38 33
14 34
22 14
18 67
20 87
43 50
68 63
72 12
78 72
10 28
33 57
89 86
82 70
77 45
10 10
13 10
15 82
54 37
65 41
94 32
10 70
46 83
40 51
95 88
18 88
36 10
35 65
44 79
97 85
75 10
98 13
31 63
74 10
59 59
19 63
27 43
10 45
78 90
79 23
32 14
56 73
59 34
10 29
82 71
33 84
10 38
10 34
57 33
32 41
36 45
41 74
27 27
21 80
47 53
49 39
10 10
24 51
82 59
28 69
53 23
16 61
67 32
87 10
91 74
10 73
46 10
10 54
89 91
59 36
76 58
86 83
57 17
10 20
47 61
19 38
90 80
54 51
10 96
38 94
52 37
31 26
17 18
75 10
22 70
33 81
84 88
47 92
64 77
10 71
68 17
61 56
23 42
27 96
80 19
97 18
48 20
60 59
70 10
81 66
84 72
10 96
81 10
62 16
10 39
30 10
98 35
64 50
70 29
79 75
73 91
55 68
98 64
95 26
42 96
79 10
13 10
33 11
10 67
67 74
65 10
21 84
14 10
29 20
84 59
30 36
98 10
43 11
90 10
51 29
20 15
72 75
13 58
24 26
49 55
73 30
48 31
14 67
47 10
42 10
90 65
40 10
65 19
73 55
30 31
13 84
20 75
59 61
39 34
32 13
23 10
38 33
14 34
22 14
18 67
20 87
43 50
68 63
72 12
78 72
10 28
33 57
89 86
82 70
77 45
10 10
13 10
15 82
54 37
65 41
94 32
10 70
46 83
40 51
95 88
18 88
36 10
35 65
44 79
97 85
75 10
98 13
31 63
74 10
59 59
19 63
27 43
10 45
78 90
79 23
32 14
56 73
59 34
10 29
82 71
33 84
10 38
10 34
57 33
32 41
36 45
41 74
27 27
21 80
47 53
49 39
10 10
24 51
82 59
28 69
53 23
16 61
67 32
87 10
91 74
10 73
46 10
10 54
89 91
59 36
76 58
86 83
57 17
10 20
47 61
19 38
90 80
54 51
10 96
38 94
52 37
31 26
17 18
75 10
22 70
33 81
84 88
47 92
64 77
10 71
68 17
61 56
23 42
27 96
80 19
97 18
48 20
60 59
70 10
81 66
84 72
10 96
81 10
62 16
10 39
30 10
98 35
64 50
70 29
79 75
73 91
55 68
98 64
95 26
42 96
79 10
13 10
33 11
10 67
67 74
65 10
21 84
14 10
29 20
84 59
30 36
98 10
43 11
90 10
51 29
20 15
72 75
13 58
24 26
49 55
73 30
48 31
14 67
47 10
42 10
90 65
40 10
65 19
73 55
30 31
13 84
20 75
59 61
39 34
32 13
23 10
38 33
14 34
22 14
18 67
20 87
43 50
68 63
72 12
78 72
10 28
33 57
89 86
82 70
77 45
10 10
13 10
15 82
54 37
65 41
94 32
10 70
46 83
40 51
95 88
18 88
36 10
35 65
44 79
97 85
75 10
98 13
31 63
74 10
59 59
19 63
27 43
10 45
78 90
79 23
32 14
56 73
59 34
10 29
82 71
33 84
10 38
10 34
57 33
32 41
36 45
41 74
27 27
21 80
47 53
49 39
10 10
24 51
82 59
28 69
53 23
16 61
67 32
87 10
91 74
10 73
46 10
10 54
89 91
59 36
76 58
86 83
57 17
10 20
47 61
19 38
90 80
54 51
10 96
38 94
52 37
31 26
17 18
75 10
22 70
33 81
84 88
47 92
64 77
10 71
68 17
61 56
23 42
27 96
80 19
97 18
48 20
60 59
70 10
81 66
84 72
10 96
81 10
62 16
10 39
30 10
98 35
64 50
70 29
79 75
73 91
55 68
98 64
95 26
42 96
79 10
13 10
33 11
10 67
67 74
65 10
21 84
14 10
29 20
84 59
30 36
98 10
43 11
90 10
51 29
20 15
72 75
13 58
24 26
49 55
73 30
48 31
14 67
47 10
42 10
90 65
40 10
65 19
73 55
30 31
13 84
20 75
59 61
39 34
32 13
23 10
38 33
14 34
22 14
18 67
20 87
43 50
68 63
72 12
78 72
10 28
33 57
89 86
82 70
77 45
10 10
13 10
15 82
54 37
65 41
94 32
10 70
46 83
40 51
95 88
18 88
36 10
35 65
44 79
97 85
75 10
98 13
31 63
74 10
59 59
19 63
27 43
10 45
78 90
79 23
32 14
56 73
59 34
10 29
82 71
33 84
10 38
10 34
57 33
32 41
36 45
41 74
27 27
21 80
47 53
49 39
10 10
24 51
82 59
28 69
53 23
16 61
67 32
87 10
91 74
10 73
46 10
10 54
89 91
59 36
76 58
86 83
57 17
10 20
47 61
19 38
90 80
54 51
10 96
38 94
52 37
31 26
17 18
75 10
22 70
33 81
84 88
47 92
64 77
10 71
68 17
61 56
23 42
27 96
80 19
97 18
48 20
60 59
70 10
81 66
84 72
10 96
81 10
62 16
10 39
30 10
98 35
64 50
70 29
79 75
73 91
55 68
98 64
95 26
42 96
79 10
13 10
33 11
10 67
67 74
65 10
21 84
14 10
29 20
84 59
30 36
98 10
43 11
90 10
51 29
20 15
72 75
13 58
24 26
49 55
73 30
48 31
14 67
47 10
42 10
90 65
40 10
65 19
73 55
30 31
13 84
20 75
59 61
39 34
32 13
23 10
38 33
14 34
22 14
18 67
20 87
43 50
68 63
72 12
78 72
10 28
33 57
89 86
82 70
77 45
10 10
13 10
15 82
54 37
65 41
94 32
10 70
46 83
40 51
95 88
18 88
36 10
35 65
44 79
97 85
75 10
98 13
31 63
74 10
59 59
19 63
27 43
10 45
78 90
79 23
32 14
56 73
59 34
10 29
82 71
33 84
10 38
10 34
57 33
32 41
36 45
41 74
27 27
21 80
47 53
49 39
10 10
24 51
82 59
28 69
53 23
16 61
67 32
87 10
91 74
10 73
46 10
10 54
89 91
59 36
76 58
86 83
57 17
10 20
47 61
19 38
90 80
54 51
10 96
38 94
52 37
31 26
17 18
75 10
22 70
33 81
84 88
47 92
64 77
10 71
68 17
61 56
23 42
27 96
80 19
97 18
48 20
60 59
70 10
81 66
84 72
10 96
81 10
62 16
10 39
30 10
98 35
64 50
70 29
79 75
73 91
55 68
98 64
95 26
42 96
79 10
13 10
33 11
10 67
67 74
65 10
21 84
14 10
29 20
84 59
30 36
98 10
43 11
90 10
51 29
20 15
72 75
13 58
24 26
49 55
73 30
48 31
14 67
47 10
42 10
90 65
40 10
65 19
73 55
30 31
13 84
20 75
59 61
39 34
32 13
23 10
38 33
14 34
22 14
18 67
20 87
43 50
68 63
72 12
78 72
10 28
33 57
89 86
82 70
77 45
10 10
13 10
15 82
54 37
65 41
94 32
10 70
46 83
40 51
95 88
18 88
36 10
35 65
44 79
97 85
75 10
98 13
31 63
74 10
59 59
19 63
27 43
10 45
78 90
79 23
32 14
56 73
59 34
10 29
82 71
33 84
10 38
10 34
57 33
32 41
36 45
41 74
27 27
21 80
47 53
49 39
10 10
24 51
82 59
28 69
53 23
16 61
67 32
87 10
91 74
10 73
46 10
10 54
89 91
59 36
76 58
86 83
57 17
10 20
47 61
19 38
90 80
54 51
10 96
38 94
52 37
31 26
17 18
75 10
22 70
33 81
84 88
47 92
64 77
10 71
68 17
61 56
23 42
27 96
80 19
97 18
48 20
60 59
70 10
81 66
84 72
10 96
81 10
62 16
10 39
30 10
98 35
64 50
70 29
79 75
73 91
55 68
98 64
95 26
42 96
79 10
13 10
33 11
10 67
67 74
65 10
21 84
14 10
29 20
84 59
30 36
98 10
43 11
90 10
51 29
20 15
72 75
13 58
24 26
49 55
73 30
48 31
14 67
47 10
42 10
90 65
40 10
65 19
73 55
30 31
13 84
20 75
59 61
39 34
32 13
23 10
38 33
14 34
22 14
18 67
20 87
43 50
68 63
72 12
78 72
10 28
33 57
89 86
82 70
77 45